pep         Time     nr_at Time   Itot    Ix    Iy    Iz
TYR-ALA-TYR 1.250000e+04 774 0 156791 79675.1 90393.6 100321
TYR-CYS-TYR 1.250000e+04 830 0 247675 66987.6 162767 174248
TYR-ASP-TYR 1.250000e+04 1000 0 887338 98527 611600 635300
TYR-GLU-TYR 1.250000e+04 1000 0 763057 172853 464458 580221
TYR-PHE-TYR 1.250000e+04 1200 0 448217 146829 268718 327308
TYR-GLY-TYR 1.250000e+04 783 0 162956 74010.5 100651 104626
TYR-HIS-TYR 1.250000e+04 1200 0 977382 138066 645227 721037
TYR-ILE-TYR 1.250000e+04 1000 0 271443 119869 158064 185280
TYR-LYS-TYR 1.250000e+04 1100 0 862998 105668 600969 610276
TYR-LEU-TYR 1.250000e+04 1000 0 309848 94152.3 205421 211998
TYR-MET-TYR 1.250000e+04 1000 0 285862 108453 184309 189698
TYR-ASN-TYR 1.250000e+04 1000 0 491689 136567 288191 374237
TYR-PRO-TYR 1.250000e+04 800 0 396832 52159.7 276270 280054
TYR-GLN-TYR 1.250000e+04 510 0 123602 31184.7 80984.2 88014.7
TYR-ARG-TYR 1.250000e+04 1100 0 642226 238533 362801 473215
TYR-SER-TYR 1.250000e+04 1000 0 521459 91047.4 347060 378390
TYR-THR-TYR 1.250000e+04 1000 0 513336 95317.6 345663 367349
TYR-VAL-TYR 1.250000e+04 940 0 277975 89426.2 180295 191746
TYR-TRP-TYR 1.250000e+04 1170 0 672701 145253 421554 503706
TYR-TYR-TYR 1.250000e+04 1200 0 644464 186438 375153 489729
